37000,0, 0.616, 0.616, 0.621, 0.477, 0.752, 0.521, 0.616
37000,1, 0.622, 0.622, 0.627, 0.482, 0.750, 0.531, 0.622
37000,2, 0.626, 0.626, 0.630, 0.486, 0.748, 0.538, 0.626
37000,3, 0.626, 0.626, 0.629, 0.488, 0.745, 0.539, 0.626
37000,4, 0.627, 0.627, 0.630, 0.489, 0.742, 0.542, 0.627
37000,5, 0.627, 0.627, 0.630, 0.490, 0.742, 0.543, 0.627
37000,6, 0.628, 0.628, 0.631, 0.490, 0.745, 0.542, 0.628
37000,7, 0.657, 0.657, 0.660, 0.521, 0.767, 0.575, 0.657
37000,8, 0.693, 0.693, 0.694, 0.567, 0.791, 0.616, 0.693
37000,9, 0.705, 0.705, 0.708, 0.583, 0.816, 0.621, 0.705
37000,10, 0.720, 0.720, 0.722, 0.603, 0.818, 0.644, 0.720
47000,0, 0.622, 0.622, 0.626, 0.487, 0.747, 0.533, 0.622
47000,1, 0.626, 0.626, 0.630, 0.488, 0.752, 0.537, 0.626
47000,2, 0.625, 0.625, 0.629, 0.487, 0.748, 0.536, 0.625
47000,3, 0.632, 0.632, 0.636, 0.493, 0.751, 0.546, 0.632
47000,4, 0.631, 0.631, 0.634, 0.494, 0.746, 0.547, 0.631
47000,5, 0.635, 0.635, 0.638, 0.497, 0.750, 0.550, 0.635
47000,6, 0.636, 0.636, 0.639, 0.499, 0.752, 0.551, 0.636
47000,7, 0.668, 0.668, 0.670, 0.533, 0.775, 0.586, 0.668
47000,8, 0.699, 0.699, 0.700, 0.576, 0.796, 0.623, 0.699
47000,9, 0.713, 0.713, 0.715, 0.594, 0.816, 0.633, 0.713
47000,10, 0.722, 0.722, 0.724, 0.605, 0.822, 0.643, 0.722
0,0, 0.482, 0.482, 0.502, 0.339, 0.698, 0.369, 0.482
0,1, 0.475, 0.475, 0.497, 0.332, 0.702, 0.359, 0.475
0,2, 0.473, 0.473, 0.495, 0.330, 0.700, 0.357, 0.473
0,3, 0.470, 0.470, 0.493, 0.326, 0.702, 0.353, 0.470
0,4, 0.470, 0.470, 0.492, 0.326, 0.699, 0.354, 0.470
0,5, 0.466, 0.466, 0.489, 0.322, 0.699, 0.350, 0.466
0,6, 0.458, 0.458, 0.483, 0.315, 0.698, 0.341, 0.458
0,7, 0.454, 0.454, 0.479, 0.311, 0.698, 0.336, 0.454
0,8, 0.445, 0.445, 0.473, 0.302, 0.702, 0.326, 0.445
0,9, 0.444, 0.444, 0.472, 0.302, 0.699, 0.325, 0.444
0,10, 0.439, 0.439, 0.468, 0.297, 0.699, 0.320, 0.439
0,11, 0.437, 0.437, 0.466, 0.296, 0.695, 0.319, 0.437
0,12, 0.432, 0.432, 0.461, 0.292, 0.692, 0.314, 0.432
1000,0, 0.484, 0.484, 0.505, 0.340, 0.704, 0.369, 0.484
1000,1, 0.479, 0.479, 0.501, 0.333, 0.709, 0.361, 0.479
1000,2, 0.476, 0.476, 0.499, 0.331, 0.707, 0.359, 0.476
1000,3, 0.474, 0.474, 0.497, 0.328, 0.708, 0.356, 0.474
1000,4, 0.472, 0.472, 0.496, 0.327, 0.708, 0.354, 0.472
1000,5, 0.469, 0.469, 0.493, 0.324, 0.706, 0.351, 0.469
1000,6, 0.463, 0.463, 0.488, 0.318, 0.706, 0.344, 0.463
1000,7, 0.460, 0.460, 0.485, 0.316, 0.703, 0.341, 0.460
1000,8, 0.451, 0.451, 0.478, 0.307, 0.705, 0.331, 0.451
1000,9, 0.442, 0.442, 0.471, 0.298, 0.703, 0.323, 0.442
1000,10, 0.436, 0.436, 0.465, 0.291, 0.699, 0.316, 0.436
1000,11, 0.410, 0.410, 0.446, 0.270, 0.698, 0.291, 0.410
1000,12, 0.396, 0.396, 0.434, 0.256, 0.698, 0.277, 0.396
2000,0, 0.486, 0.486, 0.506, 0.341, 0.704, 0.371, 0.486
2000,1, 0.483, 0.483, 0.505, 0.338, 0.709, 0.366, 0.483
31000,0, 0.613, 0.613, 0.619, 0.474, 0.750, 0.518, 0.613
31000,1, 0.619, 0.619, 0.624, 0.479, 0.750, 0.527, 0.619
31000,2, 0.621, 0.621, 0.625, 0.484, 0.745, 0.533, 0.621
31000,3, 0.621, 0.621, 0.625, 0.482, 0.746, 0.532, 0.621
31000,4, 0.623, 0.623, 0.626, 0.484, 0.742, 0.537, 0.623
31000,5, 0.625, 0.625, 0.628, 0.486, 0.745, 0.538, 0.625
31000,6, 0.623, 0.623, 0.627, 0.484, 0.745, 0.535, 0.623
31000,7, 0.654, 0.654, 0.658, 0.516, 0.773, 0.567, 0.654
31000,8, 0.687, 0.687, 0.689, 0.560, 0.791, 0.607, 0.687
31000,9, 0.704, 0.704, 0.706, 0.583, 0.804, 0.626, 0.704
31000,10, 0.713, 0.713, 0.715, 0.593, 0.811, 0.637, 0.713
31000,11, 0.716, 0.716, 0.718, 0.599, 0.816, 0.638, 0.716
31000,12, 0.707, 0.707, 0.709, 0.588, 0.806, 0.630, 0.707
32000,0, 0.618, 0.618, 0.622, 0.482, 0.744, 0.528, 0.618
32000,1, 0.619, 0.619, 0.623, 0.482, 0.744, 0.530, 0.619
32000,2, 0.622, 0.622, 0.626, 0.484, 0.744, 0.534, 0.622
32000,3, 0.622, 0.622, 0.626, 0.483, 0.746, 0.533, 0.622
32000,4, 0.623, 0.623, 0.626, 0.485, 0.744, 0.535, 0.623
32000,5, 0.625, 0.625, 0.628, 0.487, 0.744, 0.538, 0.625
32000,6, 0.627, 0.627, 0.631, 0.489, 0.748, 0.540, 0.627
32000,7, 0.653, 0.653, 0.656, 0.515, 0.771, 0.566, 0.653
57000,0, 0.623, 0.623, 0.627, 0.488, 0.749, 0.533, 0.623
57000,1, 0.625, 0.625, 0.629, 0.489, 0.749, 0.537, 0.625
57000,2, 0.628, 0.628, 0.631, 0.490, 0.749, 0.540, 0.628
57000,3, 0.632, 0.632, 0.636, 0.493, 0.752, 0.546, 0.632
57000,4, 0.635, 0.635, 0.638, 0.497, 0.752, 0.550, 0.635
57000,5, 0.637, 0.637, 0.640, 0.499, 0.753, 0.552, 0.637
57000,6, 0.639, 0.639, 0.642, 0.502, 0.755, 0.554, 0.639
57000,7, 0.665, 0.665, 0.669, 0.533, 0.784, 0.578, 0.665
57000,8, 0.699, 0.699, 0.701, 0.577, 0.800, 0.621, 0.699
57000,9, 0.718, 0.718, 0.720, 0.601, 0.820, 0.638, 0.718
57000,10, 0.732, 0.732, 0.733, 0.617, 0.823, 0.659, 0.732
13000,8, 0.648, 0.648, 0.651, 0.512, 0.765, 0.562, 0.648
13000,9, 0.662, 0.662, 0.665, 0.529, 0.775, 0.578, 0.662
13000,10, 0.668, 0.668, 0.671, 0.536, 0.780, 0.584, 0.668
13000,11, 0.671, 0.671, 0.674, 0.541, 0.783, 0.587, 0.671
14000,8, 0.654, 0.654, 0.657, 0.518, 0.769, 0.568, 0.654
14000,9, 0.671, 0.671, 0.673, 0.540, 0.781, 0.588, 0.671
14000,10, 0.674, 0.674, 0.677, 0.543, 0.786, 0.590, 0.674
2000,9, 0.462, 0.462, 0.485, 0.320, 0.694, 0.346, 0.462
2000,10, 0.460, 0.460, 0.483, 0.318, 0.690, 0.345, 0.460
2000,11, 0.461, 0.461, 0.483, 0.319, 0.687, 0.347, 0.461
3000,8, 0.480, 0.480, 0.499, 0.336, 0.691, 0.368, 0.480
3000,9, 0.480, 0.480, 0.498, 0.337, 0.690, 0.368, 0.480
3000,10, 0.479, 0.479, 0.497, 0.335, 0.688, 0.367, 0.479
3000,11, 0.478, 0.478, 0.497, 0.334, 0.687, 0.367, 0.478
4000,8, 0.491, 0.491, 0.508, 0.345, 0.695, 0.379, 0.491
4000,9, 0.489, 0.489, 0.506, 0.345, 0.691, 0.379, 0.489
4000,10, 0.488, 0.488, 0.505, 0.342, 0.690, 0.377, 0.488
4000,11, 0.487, 0.487, 0.504, 0.340, 0.688, 0.377, 0.487
5000,8, 0.508, 0.508, 0.524, 0.362, 0.702, 0.399, 0.508
5000,9, 0.508, 0.508, 0.523, 0.362, 0.699, 0.399, 0.508
5000,10, 0.508, 0.508, 0.522, 0.363, 0.695, 0.400, 0.508
5000,11, 0.509, 0.509, 0.522, 0.363, 0.694, 0.401, 0.509
6000,8, 0.519, 0.519, 0.533, 0.374, 0.704, 0.411, 0.519
6000,9, 0.518, 0.518, 0.531, 0.374, 0.703, 0.410, 0.518
6000,10, 0.521, 0.521, 0.534, 0.377, 0.701, 0.414, 0.521
6000,11, 0.526, 0.526, 0.539, 0.380, 0.706, 0.419, 0.526
7000,8, 0.540, 0.540, 0.551, 0.394, 0.713, 0.434, 0.540
11000,0, 0.591, 0.591, 0.597, 0.452, 0.730, 0.497, 0.591
11000,1, 0.595, 0.595, 0.601, 0.455, 0.730, 0.502, 0.595
11000,2, 0.597, 0.597, 0.603, 0.453, 0.737, 0.501, 0.597
11000,3, 0.599, 0.599, 0.604, 0.454, 0.736, 0.504, 0.599
11000,4, 0.597, 0.597, 0.602, 0.455, 0.727, 0.506, 0.597
11000,5, 0.596, 0.596, 0.602, 0.454, 0.729, 0.505, 0.596
11000,6, 0.596, 0.596, 0.601, 0.453, 0.729, 0.504, 0.596
11000,7, 0.605, 0.605, 0.610, 0.461, 0.735, 0.513, 0.605
11000,8, 0.636, 0.636, 0.640, 0.496, 0.755, 0.550, 0.636
11000,9, 0.649, 0.649, 0.651, 0.510, 0.760, 0.566, 0.649
11000,10, 0.654, 0.654, 0.657, 0.517, 0.765, 0.571, 0.654
11000,11, 0.655, 0.655, 0.658, 0.520, 0.770, 0.570, 0.655
11000,12, 0.652, 0.652, 0.655, 0.517, 0.768, 0.566, 0.652
12000,0, 0.594, 0.594, 0.601, 0.450, 0.740, 0.497, 0.594
12000,1, 0.600, 0.600, 0.605, 0.460, 0.732, 0.508, 0.600
12000,2, 0.602, 0.602, 0.608, 0.458, 0.740, 0.508, 0.602
12000,3, 0.603, 0.603, 0.609, 0.459, 0.738, 0.510, 0.603
12000,4, 0.603, 0.603, 0.608, 0.458, 0.737, 0.510, 0.603
12000,5, 0.600, 0.600, 0.605, 0.457, 0.730, 0.509, 0.600
12000,6, 0.598, 0.598, 0.604, 0.456, 0.730, 0.507, 0.598
12000,7, 0.614, 0.614, 0.619, 0.467, 0.749, 0.520, 0.614
12000,8, 0.643, 0.643, 0.646, 0.504, 0.757, 0.559, 0.643
12000,9, 0.658, 0.658, 0.660, 0.523, 0.766, 0.576, 0.658
12000,10, 0.663, 0.663, 0.665, 0.529, 0.775, 0.579, 0.663
12000,11, 0.664, 0.664, 0.667, 0.531, 0.778, 0.578, 0.664
12000,12, 0.660, 0.660, 0.663, 0.526, 0.773, 0.576, 0.660
13000,0, 0.598, 0.598, 0.604, 0.454, 0.740, 0.501, 0.598
13000,1, 0.602, 0.602, 0.607, 0.464, 0.734, 0.510, 0.602
7000,0, 0.544, 0.544, 0.556, 0.397, 0.717, 0.438, 0.544
7000,1, 0.544, 0.544, 0.556, 0.396, 0.720, 0.436, 0.544
7000,2, 0.544, 0.544, 0.556, 0.396, 0.720, 0.437, 0.544
7000,3, 0.545, 0.545, 0.557, 0.396, 0.719, 0.439, 0.545
7000,4, 0.547, 0.547, 0.557, 0.398, 0.716, 0.442, 0.547
7000,5, 0.544, 0.544, 0.554, 0.400, 0.707, 0.442, 0.544
7000,6, 0.542, 0.542, 0.552, 0.398, 0.707, 0.439, 0.542
7000,7, 0.535, 0.535, 0.547, 0.390, 0.709, 0.430, 0.535
21000,0, 0.609, 0.609, 0.615, 0.468, 0.747, 0.514, 0.609
21000,1, 0.614, 0.614, 0.619, 0.472, 0.746, 0.522, 0.614
21000,2, 0.618, 0.618, 0.622, 0.477, 0.744, 0.528, 0.618
21000,3, 0.620, 0.620, 0.624, 0.478, 0.744, 0.531, 0.620
21000,4, 0.620, 0.620, 0.624, 0.478, 0.742, 0.532, 0.620
21000,5, 0.619, 0.619, 0.623, 0.479, 0.739, 0.533, 0.619
21000,6, 0.619, 0.619, 0.623, 0.480, 0.739, 0.533, 0.619
21000,7, 0.644, 0.644, 0.647, 0.502, 0.760, 0.558, 0.644
21000,8, 0.675, 0.675, 0.677, 0.544, 0.776, 0.598, 0.675
21000,9, 0.692, 0.692, 0.693, 0.568, 0.791, 0.615, 0.692
21000,10, 0.697, 0.697, 0.699, 0.574, 0.800, 0.617, 0.697
21000,11, 0.698, 0.698, 0.700, 0.577, 0.806, 0.615, 0.698
21000,12, 0.694, 0.694, 0.696, 0.571, 0.797, 0.615, 0.694
22000,0, 0.610, 0.610, 0.616, 0.470, 0.747, 0.516, 0.610
22000,1, 0.614, 0.614, 0.619, 0.477, 0.743, 0.523, 0.614
22000,2, 0.619, 0.619, 0.623, 0.478, 0.743, 0.531, 0.619
22000,3, 0.620, 0.620, 0.625, 0.479, 0.745, 0.532, 0.620
22000,4, 0.621, 0.621, 0.625, 0.480, 0.743, 0.534, 0.621
22000,5, 0.621, 0.621, 0.624, 0.482, 0.739, 0.535, 0.621
22000,6, 0.621, 0.621, 0.624, 0.482, 0.739, 0.535, 0.621
22000,7, 0.646, 0.646, 0.649, 0.505, 0.762, 0.560, 0.646
22000,8, 0.678, 0.678, 0.681, 0.547, 0.785, 0.597, 0.678
22000,9, 0.688, 0.688, 0.691, 0.562, 0.801, 0.602, 0.688
22000,10, 0.695, 0.695, 0.697, 0.570, 0.805, 0.611, 0.695
22000,11, 0.702, 0.702, 0.704, 0.582, 0.804, 0.624, 0.702
22000,12, 0.696, 0.696, 0.698, 0.573, 0.798, 0.617, 0.696
23000,0, 0.610, 0.610, 0.616, 0.469, 0.747, 0.515, 0.610
23000,1, 0.614, 0.614, 0.619, 0.477, 0.744, 0.523, 0.614
41000,0, 0.621, 0.621, 0.625, 0.487, 0.745, 0.533, 0.621
41000,1, 0.625, 0.625, 0.629, 0.485, 0.751, 0.535, 0.625
41000,2, 0.629, 0.629, 0.632, 0.489, 0.748, 0.543, 0.629
41000,3, 0.630, 0.630, 0.633, 0.489, 0.749, 0.543, 0.630
41000,4, 0.632, 0.632, 0.635, 0.492, 0.747, 0.547, 0.632
41000,5, 0.632, 0.632, 0.636, 0.493, 0.750, 0.547, 0.632
41000,6, 0.634, 0.634, 0.637, 0.496, 0.749, 0.550, 0.634
41000,7, 0.664, 0.664, 0.666, 0.527, 0.774, 0.581, 0.664
41000,8, 0.689, 0.689, 0.692, 0.562, 0.796, 0.608, 0.689
41000,9, 0.713, 0.713, 0.714, 0.592, 0.811, 0.636, 0.713
41000,10, 0.723, 0.723, 0.724, 0.606, 0.818, 0.647, 0.723
41000,11, 0.717, 0.717, 0.720, 0.601, 0.824, 0.635, 0.717
41000,12, 0.711, 0.711, 0.713, 0.592, 0.814, 0.631, 0.711
42000,0, 0.617, 0.617, 0.623, 0.478, 0.753, 0.523, 0.617
42000,1, 0.625, 0.625, 0.629, 0.485, 0.751, 0.535, 0.625
42000,2, 0.627, 0.627, 0.631, 0.488, 0.748, 0.540, 0.627
42000,3, 0.629, 0.629, 0.632, 0.489, 0.749, 0.542, 0.629
42000,4, 0.631, 0.631, 0.634, 0.491, 0.747, 0.546, 0.631
42000,5, 0.632, 0.632, 0.635, 0.493, 0.749, 0.546, 0.632
42000,6, 0.634, 0.634, 0.637, 0.496, 0.748, 0.549, 0.634
42000,7, 0.665, 0.665, 0.667, 0.530, 0.774, 0.582, 0.665
51000,0, 0.617, 0.617, 0.623, 0.479, 0.754, 0.522, 0.617
51000,1, 0.627, 0.627, 0.631, 0.489, 0.751, 0.539, 0.627
51000,2, 0.628, 0.628, 0.631, 0.488, 0.749, 0.540, 0.628
51000,3, 0.631, 0.631, 0.635, 0.491, 0.749, 0.546, 0.631
51000,4, 0.633, 0.633, 0.636, 0.494, 0.749, 0.549, 0.633
51000,5, 0.634, 0.634, 0.638, 0.496, 0.750, 0.550, 0.634
51000,6, 0.635, 0.635, 0.638, 0.497, 0.751, 0.550, 0.635
51000,7, 0.666, 0.666, 0.669, 0.533, 0.776, 0.584, 0.666
51000,8, 0.693, 0.693, 0.696, 0.568, 0.801, 0.611, 0.693
51000,9, 0.717, 0.717, 0.719, 0.599, 0.815, 0.641, 0.717
51000,10, 0.726, 0.726, 0.727, 0.609, 0.820, 0.651, 0.726
51000,11, 0.721, 0.721, 0.724, 0.605, 0.828, 0.639, 0.721
51000,12, 0.717, 0.717, 0.718, 0.599, 0.817, 0.638, 0.717
52000,0, 0.618, 0.618, 0.623, 0.479, 0.754, 0.523, 0.618
52000,1, 0.628, 0.628, 0.632, 0.491, 0.752, 0.539, 0.628
52000,2, 0.629, 0.629, 0.633, 0.490, 0.749, 0.542, 0.629
52000,3, 0.632, 0.632, 0.636, 0.493, 0.749, 0.547, 0.632
52000,4, 0.635, 0.635, 0.638, 0.496, 0.749, 0.551, 0.635
52000,5, 0.633, 0.633, 0.637, 0.495, 0.752, 0.547, 0.633
52000,6, 0.635, 0.635, 0.639, 0.498, 0.752, 0.550, 0.635
52000,7, 0.667, 0.667, 0.669, 0.534, 0.774, 0.586, 0.667
17000,0, 0.606, 0.606, 0.612, 0.464, 0.745, 0.510, 0.606
17000,1, 0.610, 0.610, 0.615, 0.467, 0.744, 0.516, 0.610
17000,2, 0.613, 0.613, 0.618, 0.471, 0.743, 0.521, 0.613
17000,3, 0.614, 0.614, 0.618, 0.472, 0.741, 0.523, 0.614
17000,4, 0.614, 0.614, 0.618, 0.471, 0.742, 0.523, 0.614
17000,5, 0.611, 0.611, 0.616, 0.472, 0.741, 0.521, 0.611
17000,6, 0.616, 0.616, 0.620, 0.474, 0.743, 0.526, 0.616
17000,7, 0.636, 0.636, 0.640, 0.494, 0.760, 0.547, 0.636
17000,8, 0.667, 0.667, 0.670, 0.533, 0.781, 0.583, 0.667
17000,9, 0.679, 0.679, 0.682, 0.551, 0.792, 0.595, 0.679
17000,10, 0.683, 0.683, 0.686, 0.556, 0.797, 0.598, 0.683
17000,11, 0.685, 0.685, 0.688, 0.560, 0.800, 0.599, 0.685
27000,0, 0.617, 0.617, 0.621, 0.482, 0.742, 0.529, 0.617
27000,1, 0.618, 0.618, 0.622, 0.482, 0.744, 0.529, 0.618
27000,2, 0.622, 0.622, 0.626, 0.482, 0.747, 0.533, 0.622
27000,3, 0.623, 0.623, 0.627, 0.482, 0.747, 0.535, 0.623
27000,4, 0.621, 0.621, 0.625, 0.483, 0.743, 0.534, 0.621
27000,5, 0.624, 0.624, 0.628, 0.486, 0.742, 0.538, 0.624
27000,6, 0.626, 0.626, 0.630, 0.485, 0.749, 0.538, 0.626
27000,7, 0.650, 0.650, 0.654, 0.511, 0.768, 0.564, 0.650
27000,8, 0.683, 0.683, 0.684, 0.555, 0.784, 0.605, 0.683
27000,9, 0.702, 0.702, 0.704, 0.580, 0.803, 0.624, 0.702
27000,10, 0.709, 0.709, 0.710, 0.589, 0.806, 0.633, 0.709
